-0.0863471,0.7285142,3.562983,-0.06386688,0.5416255,3.586046,-0.2475532,0.4182649,3.557869,0.1227722,0.4184105,3.560097,-0.419023,0.1712866,3.447448,0.2660948,0.1525496,3.506715,-0.5874327,0.008690132,3.284107,0.4511499,-0.001614121,3.317189,-0.05436318,0.1903603,3.566573,-0.0522229,0.1323356,3.506782,-0.1196137,0.0500421,3.480652,0.01977638,0.05236068,3.495547,-0.1357147,-0.5923339,3.448241,0.03315576,-0.5922328,3.461925,-0.1411561,-0.9764957,3.52761,-0.01024689,-0.9815629,3.575618
-0.08411571,0.7625745,3.557314,-0.07029895,0.5826249,3.595699,-0.251286,0.4526156,3.566113,0.1109376,0.4805405,3.567695,-0.418125,0.2105729,3.473822,0.2596151,0.2053709,3.517685,-0.5856757,0.01167416,3.320142,0.4359142,-0.004146917,3.367002,-0.05590773,0.2363676,3.572175,-0.05387275,0.1825997,3.511579,-0.1188769,0.09928592,3.491385,0.01780616,0.1071538,3.492807,-0.1311061,-0.5715456,3.460674,0.02759745,-0.5638435,3.489078,-0.126229,-0.9626496,3.515181,-0.007660565,-0.9790421,3.570957
-0.08045796,0.8110201,3.580488,-0.06408481,0.6141836,3.601037,-0.2448738,0.4991186,3.573768,0.113978,0.5115976,3.565646,-0.3935062,0.2573947,3.501159,0.2578379,0.24235,3.545581,-0.5810871,0.04399072,3.395208,0.4431781,0.01131941,3.408408,-0.05290397,0.2685098,3.578259,-0.0525438,0.2133365,3.5175,-0.1169152,0.1280401,3.501938,0.01636678,0.1422766,3.494541,-0.1234939,-0.5424092,3.4566,0.01572363,-0.5288223,3.468295,-0.09972637,-0.9374809,3.535525,-0.007773804,-0.9538698,3.569592
-0.08106131,0.8279295,3.58412,-0.05692853,0.6422368,3.605065,-0.2415164,0.5288427,3.574964,0.1083566,0.5272367,3.569895,-0.3893752,0.2816191,3.526513,0.2602091,0.2635455,3.55968,-0.5849913,0.09211236,3.423086,0.4570169,0.03658468,3.478868,-0.05059121,0.2948644,3.586927,-0.05005616,0.2394532,3.526984,-0.1118675,0.1606719,3.514648,0.01497478,0.169865,3.505975,-0.10167,-0.4410609,3.398478,0.03087445,-0.4398004,3.412052,-0.108692,-0.8270006,3.591969,-0.02573509,-0.8120521,3.62131
-0.07653579,0.8354561,3.584415,-0.05585318,0.6479961,3.603837,-0.2431313,0.5371075,3.578613,0.1083104,0.5439935,3.578424,-0.3941375,0.2891144,3.538563,0.2595638,0.286985,3.583644,-0.6001172,0.1299125,3.469262,0.4609463,0.0534864,3.481721,-0.04924877,0.3182343,3.597203,-0.04821242,0.2660765,3.540644,-0.1116387,0.1798923,3.52421,0.01795424,0.1951528,3.526307,-0.1159951,-0.3721262,3.372269,0.04545704,-0.3213555,3.361943,-0.111043,-0.7261515,3.614187,-0.005991641,-0.667775,3.608831
-0.07652286,0.8357962,3.584533,-0.05604618,0.6480102,3.603963,-0.2422148,0.5414905,3.580555,0.1116695,0.5532045,3.592132,-0.4058751,0.298427,3.55298,0.263297,0.294687,3.612374,-0.616239,0.1464724,3.474642,0.4761119,0.09737955,3.513525,-0.05048792,0.3236822,3.601628,-0.04758926,0.2718988,3.54531,-0.1113307,0.1876172,3.533048,0.01965357,0.1999255,3.52899,-0.1234379,-0.3123099,3.345788,0.04627862,-0.31349,3.360931,-0.1101735,-0.6449207,3.613465,-0.01247401,-0.650629,3.617727
-0.07386268,0.8381047,3.58781,-0.05473719,0.6481544,3.604932,-0.2422989,0.5421332,3.584631,0.1135511,0.5525331,3.595472,-0.4142945,0.2986019,3.561985,0.2644301,0.2918782,3.617178,-0.6622971,0.1703372,3.490166,0.4913383,0.1145584,3.515525,-0.04955263,0.3237121,3.603747,-0.04692305,0.2714984,3.547165,-0.1115815,0.1871322,3.534549,0.02127907,0.1986933,3.531411,-0.1246246,-0.3578819,3.37382,0.04689587,-0.31506,3.361888,-0.1152021,-0.690046,3.642146,-0.01509723,-0.6544234,3.615332
-0.07141164,0.8335254,3.594288,-0.0520459,0.6304697,3.619876,-0.2381513,0.5209663,3.592722,0.128549,0.5230237,3.610115,-0.421497,0.2946485,3.568029,0.2785655,0.2632625,3.632049,-0.6629935,0.1768212,3.48746,0.5185336,0.1334663,3.504141,-0.04843036,0.304476,3.611044,-0.04480106,0.2520086,3.552987,-0.1111039,0.170512,3.537053,0.02525767,0.1713556,3.536222,-0.1276594,-0.4162435,3.400791,0.0368683,-0.4389118,3.410407,-0.1223471,-0.7829338,3.625381,-0.006836884,-0.8047798,3.632447
-0.06346504,0.8078102,3.613204,-0.04773759,0.6014948,3.644953,-0.2334268,0.5082567,3.597831,0.1358442,0.4926263,3.628522,-0.4259484,0.2862325,3.566406,0.2826569,0.2508893,3.636478,-0.6717091,0.187113,3.46491,0.5299395,0.1431678,3.473482,-0.04926153,0.2743158,3.618171,-0.04380637,0.2245218,3.557515,-0.1112475,0.147944,3.53626,0.02574398,0.1436084,3.53838,-0.1342995,-0.4890785,3.418004,0.0383295,-0.5227921,3.448736,-0.1387036,-0.883092,3.597499,0.02084209,-0.9210244,3.608492
-0.06073138,0.7661011,3.612871,-0.04962096,0.5866883,3.652602,-0.2289871,0.4563426,3.607404,0.1381417,0.4635692,3.636283,-0.4235973,0.2659116,3.562627,0.2871928,0.1923728,3.617095,-0.665212,0.182891,3.433535,0.5325415,0.1423422,3.442157,-0.04808697,0.2397068,3.625505,-0.04314561,0.1849517,3.563389,-0.1122631,0.09728838,3.530615,0.02896505,0.1064046,3.551766,-0.1276594,-0.5478607,3.438597,0.03445267,-0.5590044,3.452529,-0.1478276,-0.9577384,3.57713,-0.006866223,-0.9619756,3.581868
-0.05760909,0.7114539,3.622189,-0.04465185,0.507288,3.653701,-0.2288438,0.4239019,3.607072,0.1482574,0.4104157,3.647659,-0.4214198,0.2346275,3.550416,0.2882637,0.1817007,3.608387,-0.6643971,0.1606556,3.365838,0.5253661,0.1231853,3.380841,-0.04736512,0.1944504,3.632796,-0.04119522,0.1527846,3.57125,-0.1104609,0.07570107,3.53205,0.0298552,0.05671585,3.568852,-0.1265898,-0.554355,3.441674,0.03259934,-0.5816383,3.452264,-0.145016,-0.9627431,3.581672,-0.004585211,-0.9629642,3.605181
-0.0543443,0.6808058,3.634118,-0.045571,0.4866336,3.661144,-0.2231085,0.3729877,3.600911,0.1374141,0.3793405,3.639047,-0.4195045,0.1869245,3.526485,0.2885211,0.1484208,3.592146,-0.635111,0.1313129,3.350292,0.5144323,0.0911724,3.348481,-0.04745702,0.1824373,3.641815,-0.04204666,0.1370222,3.582635,-0.105853,0.05038753,3.566485,0.02825374,0.0554622,3.569028,-0.1303076,-0.5773192,3.44912,0.03347643,-0.5813179,3.454369,-0.1453504,-0.964426,3.611168,-0.008880316,-0.9695935,3.631079
-0.05233661,0.6760247,3.635003,-0.04445297,0.479204,3.659434,-0.2240531,0.3612969,3.60467,0.1400099,0.3602483,3.637768,-0.4145273,0.1864461,3.522906,0.2830424,0.1345857,3.564684,-0.6284571,0.09354991,3.294755,0.4981426,0.05767509,3.330308,-0.04673519,0.1515913,3.648796,-0.04193138,0.09718202,3.590885,-0.1088162,0.01979709,3.566877,0.02633208,0.0158683,3.581126,-0.1321372,-0.5769589,3.456633,0.03309238,-0.5823401,3.458556,-0.1446377,-0.9647186,3.611743,-0.01795992,-0.9706644,3.642987
-0.05250655,0.6767972,3.63788,-0.04410054,0.4794239,3.661605,-0.2237799,0.3617802,3.605889,0.1389756,0.3690962,3.648209,-0.406341,0.1864135,3.518506,0.2809401,0.1386445,3.564505,-0.6115791,0.06357159,3.287486,0.4674919,0.02958502,3.346134,-0.04716913,0.1510076,3.650073,-0.04134714,0.09701487,3.591758,-0.1079012,0.01896374,3.56776,0.02674686,0.01611666,3.581692,-0.1429982,-0.5705322,3.486083,0.03935271,-0.5794258,3.477845,-0.1453945,-0.9684091,3.618688,-0.01214716,-0.9747727,3.647687
-0.0536902,0.7300737,3.641972,-0.04036073,0.5346897,3.682056,-0.2162487,0.4197517,3.620991,0.136925,0.4245179,3.658309,-0.3943268,0.204879,3.519109,0.2800015,0.1587953,3.562521,-0.5547895,0.0587085,3.35084,0.4548082,0.01532421,3.362658,-0.04330778,0.1750859,3.6523,-0.03788752,0.1194326,3.591179,-0.1039674,0.03957518,3.567901,0.03020024,0.04848561,3.575218,-0.1465204,-0.5646678,3.52733,0.05044625,-0.5709933,3.531565,-0.153089,-0.9584333,3.591856,-0.009869782,-0.967452,3.637673
-0.05171042,0.7794283,3.653125,-0.03618097,0.5943943,3.701311,-0.2191141,0.4740708,3.637767,0.1381454,0.4853969,3.668853,-0.3759313,0.235152,3.53434,0.267581,0.1901038,3.566689,-0.554307,0.04953728,3.372634,0.4383088,-0.003505567,3.40911,-0.03775737,0.2418596,3.661756,-0.0334318,0.1887029,3.597634,-0.1022165,0.1103886,3.568698,0.03640424,0.1118665,3.581528,-0.1437223,-0.558531,3.541105,0.04525983,-0.5588043,3.561753,-0.1541208,-0.9612134,3.58828,0.01458128,-0.9668671,3.644521
-0.04889891,0.8174292,3.654965,-0.03672103,0.6210095,3.689564,-0.212721,0.5109683,3.644822,0.1355492,0.5185884,3.662842,-0.3714694,0.2590605,3.551848,0.2585254,0.2242463,3.615695,-0.5584307,0.05584648,3.432531,0.435517,0.004832909,3.469311,-0.03749936,0.268791,3.662867,-0.03488855,0.2142799,3.600482,-0.09991629,0.1410206,3.582309,0.03079616,0.1401861,3.581139,-0.1326921,-0.5287161,3.547924,0.0390548,-0.5305946,3.562781,-0.1525693,-0.9672413,3.596031,0.02862964,-0.9484594,3.638889
-0.04868967,0.8377026,3.655765,-0.03285513,0.6517795,3.677893,-0.2161613,0.5420786,3.651865,0.1380599,0.5365769,3.664357,-0.3751637,0.2716189,3.560347,0.2684172,0.2793127,3.620735,-0.55717,0.08302432,3.49048,0.4598989,0.02383634,3.519439,-0.03479449,0.3125124,3.670204,-0.03285951,0.2579844,3.611733,-0.09777038,0.1716065,3.597095,0.03144517,0.1812509,3.592951,-0.121166,-0.4419014,3.496778,0.03320552,-0.4494488,3.503892,-0.1120373,-0.8128522,3.657025,-0.009602656,-0.8361167,3.672498
-0.05033837,0.8439074,3.659378,-0.03510077,0.6578765,3.681219,-0.2139761,0.5543987,3.653006,0.1368513,0.5547456,3.665056,-0.3359964,0.3431129,3.608262,0.2795991,0.3001372,3.657536,-0.5672513,0.1272955,3.521946,0.4814384,0.06320617,3.549129,-0.03472769,0.3234492,3.675668,-0.03244502,0.2690696,3.617072,-0.09599175,0.1885794,3.601282,0.03263596,0.1970424,3.603343,-0.1232907,-0.3867003,3.475029,0.03405569,-0.3732153,3.464697,-0.1110342,-0.7622991,3.686983,-0.02658197,-0.7381595,3.685589
-0.04987949,0.8467001,3.660748,-0.04057125,0.6608821,3.686451,-0.2143755,0.5601416,3.657725,0.1365019,0.5640779,3.669496,-0.3768325,0.3332933,3.608078,0.2810699,0.3019499,3.664767,-0.5822181,0.1474878,3.537156,0.4959403,0.08940036,3.564749,-0.03598524,0.3307856,3.681816,-0.0330162,0.2775545,3.623495,-0.09624863,0.197029,3.608146,0.03370308,0.2036152,3.607732,-0.119216,-0.3659002,3.466264,0.05295408,-0.3147347,3.454459,-0.1051262,-0.7315581,3.693255,-0.0166779,-0.6769009,3.677276
-0.04865431,0.8476368,3.662389,-0.04264395,0.6613274,3.688185,-0.2146911,0.5627227,3.66373,0.1366372,0.5649762,3.670028,-0.3835052,0.3341551,3.612654,0.2797343,0.3058231,3.673112,-0.6198409,0.1571129,3.532704,0.5034862,0.1339046,3.592802,-0.03519492,0.3313501,3.683447,-0.03266006,0.2781042,3.625088,-0.0958647,0.197552,3.609207,0.03499831,0.2039851,3.610304,-0.1200861,-0.3705283,3.468539,0.05325986,-0.3157075,3.452638,-0.1061342,-0.7366709,3.69484,-0.01376662,-0.6779039,3.676121
-0.04333392,0.8463019,3.682701,-0.03836299,0.6552782,3.695706,-0.2115514,0.5490605,3.671052,0.1365823,0.5562387,3.672856,-0.394654,0.3317504,3.62771,0.2815142,0.3052704,3.676326,-0.626344,0.166221,3.543624,0.5096346,0.1389184,3.58363,-0.03184817,0.3206369,3.684762,-0.03031907,0.2663897,3.625186,-0.0937891,0.1869932,3.607681,0.0362277,0.1942287,3.609626,-0.1160457,-0.4317508,3.495662,0.04290254,-0.4290911,3.49257,-0.1146109,-0.8178001,3.691168,-0.007693045,-0.807088,3.695988
-0.03869799,0.8297857,3.699553,-0.0278852,0.6294816,3.721765,-0.2075589,0.5239163,3.685522,0.1438808,0.4978285,3.679805,-0.3947186,0.3231325,3.639342,0.2976649,0.2757027,3.682392,-0.6285577,0.1694079,3.537577,0.5399325,0.1395352,3.545582,-0.03157117,0.2899908,3.690636,-0.03174412,0.2376905,3.628346,-0.09658509,0.1641307,3.606705,0.03201722,0.1581454,3.610113,-0.1196315,-0.5028238,3.527178,0.03347269,-0.5080609,3.519807,-0.1461927,-0.8689777,3.685224,0.003432274,-0.9056666,3.6919
-0.03337297,0.795591,3.701671,-0.02296148,0.6079292,3.719471,-0.2033747,0.4895828,3.69799,0.1453943,0.4822225,3.691889,-0.3945099,0.2871014,3.635907,0.311106,0.2058195,3.675888,-0.6651791,0.1483767,3.502729,0.5439354,0.1301126,3.525541,-0.02914329,0.2689901,3.692176,-0.03099458,0.2174396,3.629957,-0.09687149,0.1389663,3.6111,0.03197136,0.1431872,3.609724,-0.1149496,-0.529223,3.542792,0.02904648,-0.5251853,3.540744,-0.1330264,-0.9389958,3.673645,-0.0080553,-0.9739858,3.700184
-0.03349269,0.7560918,3.714369,-0.02714544,0.5519417,3.721579,-0.1944441,0.434154,3.69139,0.1429304,0.4285703,3.697782,-0.4190074,0.2092085,3.597875,0.3041154,0.1893854,3.669469,-0.6524842,0.1352806,3.480175,0.549371,0.1020717,3.464961,-0.03220684,0.2173191,3.700798,-0.03182001,0.1654874,3.639426,-0.09519594,0.09301266,3.623952,0.02973213,0.09149154,3.617851,-0.1139285,-0.573541,3.538046,0.02832926,-0.5760679,3.539228,-0.11626,-0.9660606,3.682695,0.01170603,-0.9640651,3.731025
-0.02373843,0.6936661,3.712642,-0.02579756,0.5033118,3.722248,-0.200122,0.409441,3.703094,0.1414625,0.3780596,3.704693,-0.4024205,0.1991089,3.597885,0.296107,0.1630274,3.661252,-0.6412091,0.0965183,3.436061,0.5223215,0.077171,3.43027,-0.03149465,0.1883674,3.708433,-0.03097889,0.1392709,3.647983,-0.0928238,0.06205781,3.63458,0.02907841,0.06231783,3.627465,-0.1140917,-0.5812908,3.536222,0.02765876,-0.588581,3.538975,-0.1403286,-0.9727168,3.710042,0.01227869,-0.9752327,3.733362
-0.02967012,0.6631867,3.724057,-0.02184695,0.4700032,3.725798,-0.1853967,0.3321811,3.680464,0.1450636,0.3728172,3.707568,-0.3915406,0.186722,3.596545,0.3065206,0.1211075,3.657009,-0.6272343,0.08161476,3.409606,0.5132211,0.05821224,3.401231,-0.03023544,0.1169594,3.713082,-0.02866665,0.06075941,3.652726,-0.09502878,-0.01571415,3.634186,0.03485451,-0.01149121,3.63873,-0.1145561,-0.6001803,3.550786,0.03524793,-0.6101692,3.556243,-0.1246685,-0.9771911,3.726072,-0.001797468,-0.9882576,3.743356
-0.02992683,0.6626862,3.725348,-0.02194339,0.4701014,3.725115,-0.1919608,0.3370394,3.685193,0.1475404,0.3743542,3.710823,-0.3913196,0.1836918,3.592183,0.3024454,0.125696,3.647117,-0.619213,0.07913278,3.407426,0.5047021,0.04193527,3.389166,-0.02740864,0.1267682,3.715651,-0.02479807,0.07316691,3.656873,-0.09037554,-0.005776941,3.64025,0.0387995,-0.00302937,3.641562,-0.1193772,-0.5942255,3.571352,0.03673505,-0.5987052,3.567147,-0.1163607,-0.9544502,3.719555,-0.01350989,-0.9819028,3.739675
-0.03343292,0.686832,3.712574,-0.0296312,0.4948997,3.71593,-0.2040253,0.3870527,3.698113,0.1532768,0.3884409,3.712007,-0.3881238,0.1896236,3.587048,0.3052779,0.1403577,3.640199,-0.5945697,0.0781415,3.416557,0.491492,0.02694656,3.394755,-0.02447621,0.1525589,3.712703,-0.02122347,0.0954631,3.654373,-0.08729744,0.01358643,3.637551,0.0472547,0.01685211,3.64096,-0.1162741,-0.5928824,3.608422,0.0405613,-0.6082282,3.617848,-0.1149562,-0.9580622,3.722378,-0.007527058,-0.9831353,3.752368
-0.03733961,0.7568569,3.703886,-0.01838341,0.5669458,3.715338,-0.1948919,0.4386553,3.6964,0.1633902,0.4603818,3.713933,-0.3763164,0.2326989,3.59104,0.3064261,0.1825304,3.642305,-0.5639298,0.07683953,3.457049,0.4808563,0.01970415,3.447298,-0.01622311,0.2132117,3.709885,-0.01349584,0.1541988,3.650801,-0.0843387,0.07300165,3.635486,0.05922583,0.07673412,3.635885,-0.112607,-0.5955727,3.665572,0.04256561,-0.5922828,3.665166,-0.1182757,-0.9670267,3.714187,0.0004304249,-0.9853383,3.734011
-0.03541013,0.8045413,3.710085,-0.02181907,0.6136755,3.728239,-0.1968136,0.4988158,3.707078,0.1494086,0.504495,3.691003,-0.3720755,0.2686348,3.587384,0.2928574,0.263018,3.66275,-0.55121,0.09439551,3.496348,0.4792117,0.04194492,3.495795,-0.01388316,0.265174,3.716944,-0.01533822,0.208186,3.656901,-0.07893232,0.1300557,3.647692,0.05072231,0.132908,3.633768,-0.1091948,-0.5389216,3.671738,0.04193089,-0.5356765,3.67276,-0.1154485,-0.9613951,3.71066,0.003689352,-0.9858751,3.736102
-0.02286063,0.8430134,3.714238,-0.02510265,0.6422694,3.719656,-0.202447,0.5405989,3.706683,0.161739,0.5639914,3.700158,-0.3741889,0.3163953,3.617158,0.2934014,0.2783527,3.674786,-0.5587428,0.1090942,3.501381,0.4875749,0.06336762,3.528694,-0.01247645,0.3046739,3.720011,-0.0115289,0.2491911,3.662378,-0.07427017,0.160523,3.651619,0.0561179,0.1709026,3.644012,-0.09984146,-0.509467,3.658801,0.05265093,-0.4992824,3.65878,-0.1168251,-0.9295642,3.7423,0.02372452,-0.9546141,3.772627
-0.02817708,0.8654214,3.706796,-0.01254997,0.6710373,3.712265,-0.1949904,0.5686598,3.705922,0.1571032,0.5691172,3.697964,-0.3718855,0.3218893,3.625033,0.2890776,0.3211834,3.695235,-0.5563259,0.1678146,3.565302,0.4978849,0.1023147,3.575906,-0.008580136,0.3312137,3.725524,-0.008907875,0.2724953,3.66946,-0.06962093,0.2004906,3.667235,0.0547345,0.1999847,3.653696,-0.08939712,-0.4280061,3.606792,0.06342424,-0.4251039,3.604455,-0.08256698,-0.8104845,3.809066,0.01493254,-0.8033062,3.808781
-0.02918289,0.8758469,3.701173,-0.01137736,0.6865109,3.711486,-0.1952479,0.5889825,3.711626,0.1522295,0.5783622,3.696069,-0.3211471,0.3802275,3.664068,0.294583,0.3287868,3.69259,-0.5650818,0.174615,3.566942,0.5064391,0.1299095,3.583477,-0.006098282,0.3539442,3.730235,-0.007479656,0.2954437,3.675799,-0.06894076,0.2130125,3.672603,0.0556246,0.2220952,3.659019,-0.08768974,-0.4105513,3.600915,0.08371566,-0.3451505,3.557204,-0.08222444,-0.7629058,3.846383,0.01891014,-0.6965067,3.797224
-0.02833638,0.8819834,3.699026,-0.01078388,0.6896553,3.708846,-0.1939992,0.5923165,3.71046,0.1481414,0.594481,3.692983,-0.3196526,0.3832543,3.664988,0.2972952,0.339926,3.690531,-0.5743095,0.1861516,3.574834,0.512228,0.1623077,3.60345,-0.002667677,0.3600553,3.731999,-0.003736462,0.3014533,3.679972,-0.06527378,0.220075,3.67594,0.0629916,0.23273,3.671431,-0.0753672,-0.3624685,3.579941,0.08578545,-0.339188,3.559028,-0.08178132,-0.7227439,3.816063,0.01603668,-0.6896983,3.799133
-0.02733594,0.8832452,3.697234,-0.009381647,0.6907248,3.706082,-0.1939411,0.5905616,3.709036,0.1489218,0.592809,3.69183,-0.321975,0.3825827,3.669002,0.3023351,0.3398426,3.691871,-0.5766401,0.1944374,3.578093,0.5333123,0.1731682,3.593077,-0.001731626,0.3592051,3.731228,-0.002513173,0.2987985,3.680851,-0.0648987,0.2179208,3.677281,0.06503691,0.2263846,3.672433,-0.083216,-0.4001597,3.603272,0.08519678,-0.3494117,3.567762,-0.0805819,-0.7638164,3.821217,0.03556305,-0.7178863,3.787627
-0.02160769,0.8709914,3.682029,-0.00324537,0.6810836,3.699561,-0.1890804,0.5822182,3.706205,0.1569525,0.5803356,3.688516,-0.3241405,0.3785698,3.669726,0.3184682,0.3159716,3.692126,-0.587317,0.1956613,3.573599,0.5314934,0.1770535,3.592427,0.003406031,0.3458587,3.72981,0.002222878,0.2828186,3.68238,-0.06143264,0.1998769,3.68347,0.06926783,0.2078473,3.671157,-0.08435046,-0.4616288,3.633913,0.06969454,-0.4262398,3.610924,-0.08768497,-0.8391635,3.780552,0.0435664,-0.8050238,3.810877
-0.01047285,0.8440179,3.660206,0.002262462,0.6596733,3.697937,-0.1830548,0.549104,3.695762,0.1610721,0.5648423,3.687761,-0.3199545,0.3465782,3.673006,0.3215097,0.3040685,3.689731,-0.5824109,0.1891718,3.564862,0.5611601,0.1570531,3.545132,0.006098582,0.3228689,3.72916,0.005470533,0.2595237,3.683912,-0.05893938,0.1817733,3.684067,0.07122323,0.1817803,3.673498,-0.0782114,-0.488665,3.664411,0.07982694,-0.4888897,3.663566,-0.08924276,-0.874878,3.753952,0.06172397,-0.8832486,3.757978
-0.005259195,0.811433,3.661016,0.01513375,0.6043614,3.693672,-0.1770617,0.5090013,3.691132,0.1780501,0.5102504,3.678672,-0.3292054,0.3177963,3.655532,0.3346414,0.2445649,3.685211,-0.5652248,0.158262,3.547148,0.5670682,0.1382114,3.526104,0.01105479,0.2906969,3.72942,0.008646489,0.2309542,3.687588,-0.05799792,0.147406,3.690269,0.07401419,0.1516209,3.677031,-0.07755359,-0.5229971,3.66286,0.08473627,-0.5191121,3.66432,-0.07421902,-0.9263982,3.740268,0.07901043,-0.9420357,3.745933
7.705204E-05,0.7538899,3.650951,0.01726412,0.5711811,3.693698,-0.1729522,0.4622832,3.696677,0.1756288,0.4772652,3.685354,-0.3176199,0.2671019,3.64183,0.3325,0.1939171,3.683033,-0.5632354,0.09944704,3.48296,0.5411662,0.08998705,3.494742,0.01278668,0.2330139,3.728248,0.01010519,0.1691355,3.689576,-0.05549522,0.09176018,3.69064,0.07266796,0.08966497,3.681262,-0.07354897,-0.5656522,3.653447,0.08938785,-0.5808604,3.654545,-0.06615761,-0.9377267,3.740563,0.09619775,-0.9871616,3.812469
0.0004595388,0.6937752,3.654653,0.02120258,0.5110967,3.699813,-0.1591327,0.4023969,3.685035,0.1804156,0.4120138,3.689479,-0.3103387,0.2024458,3.622323,0.3320634,0.1612095,3.682283,-0.5584645,0.04381044,3.457719,0.5412903,0.0366023,3.459473,0.01462827,0.2123343,3.728065,0.0135774,0.1540677,3.690559,-0.05027043,0.07872536,3.692045,0.07459811,0.07590178,3.680606,-0.07226735,-0.5723866,3.646673,0.08790751,-0.5946019,3.649909,-0.07403036,-0.9601138,3.793002,0.1018114,-0.9845167,3.813063
0.003145626,0.6757551,3.661377,0.02110884,0.4935148,3.70227,-0.1660868,0.3821404,3.692031,0.1794348,0.3999956,3.693619,-0.3101885,0.1906578,3.616204,0.3291289,0.1494721,3.676806,-0.5483302,0.01417144,3.455445,0.5119852,0.0115842,3.487093,0.01778051,0.1567494,3.730994,0.01720993,0.09417233,3.695057,-0.04803431,0.01461966,3.695277,0.0809016,0.01689603,3.685532,-0.07026593,-0.5914043,3.653899,0.0881699,-0.6040406,3.65319,-0.06946253,-0.9797959,3.818053,0.09043813,-0.9837307,3.821442
0.003373285,0.6757745,3.661528,0.02084552,0.4935868,3.702141,-0.166539,0.3834418,3.691887,0.1869851,0.4054925,3.698889,-0.3070629,0.1901089,3.613066,0.3279628,0.1489921,3.674569,-0.5073422,0.006166433,3.4795,0.5057344,-0.01105693,3.469628,0.01799457,0.1616556,3.726861,0.01836478,0.0997825,3.691711,-0.04661861,0.01965635,3.69105,0.08242977,0.01978592,3.682624,-0.06750126,-0.5910131,3.681184,0.09589198,-0.6139707,3.681947,-0.05092076,-0.9769088,3.820455,0.08958007,-0.9853819,3.821918
-0.001502795,0.7163023,3.645212,0.02011944,0.5413597,3.691397,-0.1633514,0.4280723,3.693295,0.1896252,0.4415549,3.695282,-0.3093312,0.202553,3.608191,0.3265016,0.1564504,3.673146,-0.5065744,0.006052929,3.506491,0.5013565,-0.01503576,3.485834,0.02745354,0.2031883,3.708005,0.02869709,0.1380686,3.672543,-0.03572277,0.0577245,3.670343,0.09750815,0.06226763,3.65992,-0.06566017,-0.590194,3.721582,0.09977932,-0.6046745,3.71761,-0.05291176,-0.9727758,3.816036,0.09118085,-0.9809254,3.818411
-0.006031948,0.7706484,3.648978,0.01748579,0.5915613,3.702367,-0.1677334,0.4786173,3.690719,0.1776667,0.4996194,3.686706,-0.2965696,0.2734438,3.630701,0.3357744,0.2096247,3.674988,-0.4966811,0.02799508,3.521404,0.4979252,-0.007352745,3.524589,0.02395044,0.2543412,3.709543,0.02442818,0.1919224,3.670564,-0.04068501,0.115227,3.671174,0.09226038,0.1120977,3.651972,-0.0619592,-0.5524144,3.719671,0.100644,-0.5527654,3.727327,-0.06472458,-0.9579181,3.767412,0.09312513,-0.9643799,3.79511
-0.01052754,0.8225498,3.648616,0.01316579,0.6378973,3.695547,-0.1751328,0.5356257,3.699239,0.160556,0.5506374,3.665761,-0.2921777,0.3217065,3.654849,0.3303106,0.2705833,3.683924,-0.5095279,0.0815803,3.574041,0.5055875,0.0505428,3.581732,0.02317541,0.2894107,3.707556,0.02058684,0.2242073,3.669094,-0.0410261,0.1451647,3.669394,0.08346164,0.1556618,3.653367,-0.05946866,-0.5230172,3.712163,0.0966562,-0.5101851,3.71998,-0.05581629,-0.8939578,3.814766,0.09423228,-0.9641126,3.796887
-0.01122039,0.8545606,3.643859,0.01451832,0.6652848,3.680095,-0.1774368,0.5535588,3.697601,0.1615784,0.5647601,3.659434,-0.2939466,0.3388535,3.662183,0.329491,0.3127337,3.683441,-0.509503,0.1292756,3.586769,0.5192265,0.09731672,3.603704,0.02221559,0.3268427,3.701781,0.01874425,0.2625841,3.666656,-0.04250266,0.1768975,3.674353,0.08173487,0.1856466,3.649023,-0.03853193,-0.4658816,3.643795,0.09741293,-0.4770209,3.661185,-0.04711017,-0.851931,3.83853,0.08301454,-0.8324394,3.823273
-0.01118129,0.8614082,3.643268,0.01085444,0.6721001,3.679104,-0.1744937,0.5980939,3.690027,0.1619547,0.5877632,3.659847,-0.2943229,0.3857507,3.678754,0.3190527,0.3615017,3.703643,-0.5208428,0.1805912,3.612875,0.5252151,0.1573422,3.614384,0.0202376,0.3471655,3.700125,0.01885963,0.2860622,3.665755,-0.03888958,0.2059603,3.672837,0.08120292,0.2167049,3.64806,-0.04884179,-0.3629337,3.579775,0.10891,-0.3630772,3.573704,-0.02143953,-0.7337986,3.799909,0.08608983,-0.7380225,3.788096
-0.01400122,0.8722076,3.633037,0.003631223,0.6819187,3.680927,-0.1768409,0.5988253,3.690948,0.1621684,0.5930961,3.660045,-0.2986041,0.38758,3.679212,0.3195087,0.3620215,3.702927,-0.5387741,0.1889562,3.61441,0.5379423,0.1809744,3.620986,0.01851786,0.3568229,3.699857,0.0178985,0.2951993,3.665797,-0.03947819,0.2109354,3.67196,0.08161677,0.2238405,3.648377,-0.02878642,-0.401536,3.593102,0.1226551,-0.3440074,3.567832,-0.02351541,-0.7746117,3.811566,0.08275197,-0.71699,3.783239
-0.01714393,0.8734763,3.627802,0.003945473,0.6833167,3.679398,-0.1773862,0.5971862,3.688461,0.1624796,0.5932348,3.659918,-0.3012956,0.3873352,3.67816,0.3236709,0.3585781,3.702744,-0.5610868,0.2019712,3.620831,0.5558988,0.2015663,3.609578,0.01860722,0.358041,3.698282,0.01824626,0.2961766,3.66491,-0.03958594,0.2115631,3.670977,0.08243053,0.2249892,3.647659,-0.02822242,-0.4050789,3.592651,0.1216499,-0.3451411,3.563974,-0.05844724,-0.8062165,3.760047,0.07290301,-0.7246687,3.767509
-0.01573634,0.8649462,3.616476,0.008997956,0.6753922,3.669652,-0.1763767,0.5828261,3.679184,0.1683151,0.5869464,3.65675,-0.3082621,0.3785904,3.675448,0.3296738,0.3480062,3.692315,-0.5698961,0.2013801,3.606853,0.5769941,0.206943,3.573516,0.0200076,0.3538413,3.693119,0.01987118,0.2917589,3.66161,-0.03954767,0.2052534,3.667181,0.08480234,0.2203159,3.645453,-0.0344095,-0.4640207,3.610981,0.1190853,-0.410098,3.576095,-0.07089099,-0.8364624,3.710483,0.07980634,-0.8060496,3.7458
-0.01577391,0.8554261,3.608834,0.009478956,0.6477498,3.64928,-0.1773387,0.5627108,3.667739,0.1735942,0.5740796,3.653474,-0.3091453,0.3582349,3.662185,0.3348451,0.3215855,3.678864,-0.5813278,0.1873928,3.570871,0.5817932,0.1884965,3.519139,0.02069036,0.3369696,3.681351,0.02142952,0.2754536,3.654014,-0.03988839,0.1955394,3.662296,0.08936929,0.1916981,3.638824,-0.04362708,-0.4745761,3.620479,0.1075885,-0.4783482,3.601427,-0.08240673,-0.8497287,3.680064,0.08644795,-0.9309485,3.660998
-0.01492241,0.8073003,3.589648,0.004851851,0.6212105,3.64977,-0.1791911,0.5198317,3.662223,0.1612419,0.5295343,3.635367,-0.3143733,0.3164586,3.629275,0.3318635,0.2832004,3.658434,-0.5808769,0.1608021,3.545706,0.5806155,0.1525719,3.474841,0.01642111,0.2891493,3.670557,0.01611357,0.2255234,3.642514,-0.04516381,0.1447859,3.645331,0.08380757,0.1594889,3.632522,-0.05149513,-0.5255227,3.610962,0.1115421,-0.5104303,3.604161,-0.07220791,-0.9111146,3.648845,0.09293043,-0.9428816,3.661343
-0.01521164,0.7559915,3.579382,-0.0006239116,0.5767867,3.647428,-0.1765409,0.474373,3.649373,0.1777554,0.4685073,3.63489,-0.3157134,0.2736681,3.618849,0.369555,0.2016071,3.641547,-0.5583081,0.1151529,3.498889,0.5597627,0.1284002,3.435441,0.01500269,0.2368228,3.664428,0.01679587,0.1714408,3.636356,-0.04873468,0.08833962,3.636127,0.08934044,0.09515144,3.626673,-0.04645125,-0.5780385,3.5947,0.1109318,-0.5750435,3.596078,-0.0634995,-0.987116,3.67585,0.09996565,-0.9591303,3.662045
-0.0136909,0.7105095,3.590521,0.01202668,0.5197782,3.648081,-0.1682085,0.4272662,3.649571,0.1805967,0.4293571,3.633472,-0.3142316,0.2312285,3.602763,0.336616,0.185452,3.63814,-0.5645505,0.05641492,3.462285,0.5288283,0.08155789,3.42073,0.01773523,0.1947809,3.661278,0.01744373,0.1330733,3.632586,-0.04682805,0.05033992,3.629529,0.08471853,0.06033379,3.623977,-0.0422827,-0.5903735,3.572352,0.1048104,-0.599305,3.563558,-0.06582093,-0.9832431,3.678326,0.1072005,-0.9680727,3.673686
-0.01362928,0.6738962,3.611907,0.009533307,0.4906805,3.657584,-0.170977,0.4024673,3.649242,0.1774761,0.3969983,3.640679,-0.3459461,0.1595017,3.57234,0.3220845,0.1639568,3.626506,-0.5669271,0.02719849,3.431901,0.5267565,0.04318293,3.382802,0.01577818,0.1721687,3.664267,0.01620143,0.1116232,3.633412,-0.04757601,0.03245845,3.62857,0.08267711,0.03389693,3.623429,-0.04915591,-0.5935972,3.568154,0.1070834,-0.5953924,3.556726,-0.05516673,-0.9938444,3.697232,0.103065,-0.9697297,3.679958
-0.01370531,0.6735469,3.611089,0.008535035,0.4901378,3.657685,-0.1744865,0.3820922,3.632434,0.1774467,0.3962803,3.640248,-0.3439881,0.1602115,3.571712,0.3234464,0.1610481,3.620232,-0.5415159,0.02453046,3.443372,0.5152626,0.03237384,3.383597,0.0136216,0.1689554,3.66422,0.01536937,0.1079941,3.63195,-0.04817037,0.02718884,3.627017,0.08192763,0.03062897,3.620861,-0.05730787,-0.5964921,3.575631,0.1066525,-0.5966545,3.559272,-0.05365902,-0.9957161,3.702685,0.1009763,-0.9692702,3.684458
-0.01548012,0.7000301,3.596784,0.007239194,0.5119718,3.641895,-0.1781223,0.4063929,3.629576,0.1798085,0.4242963,3.636884,-0.3448846,0.1676568,3.56753,0.319326,0.1739474,3.614718,-0.539315,0.02170039,3.441901,0.5051225,0.02288372,3.400082,0.0148382,0.1803164,3.653241,0.01686893,0.1177267,3.621033,-0.04665866,0.03619803,3.614257,0.08410104,0.03866543,3.612481,-0.06489852,-0.5901482,3.613223,0.1033636,-0.5929869,3.602901,-0.05781755,-0.9811782,3.686162,0.1008553,-0.9693684,3.684119
-0.01782868,0.7541916,3.573519,-0.0051705,0.5724016,3.64058,-0.1819203,0.4669736,3.62942,0.1767548,0.4843361,3.636264,-0.3364941,0.240586,3.571301,0.3096556,0.2382099,3.601859,-0.5349149,0.03577579,3.46401,0.4980937,0.04322747,3.444626,0.009402318,0.2293765,3.642816,0.01286561,0.1651497,3.607348,-0.05296558,0.07940393,3.600934,0.08605387,0.08889459,3.595561,-0.05996736,-0.589693,3.633119,0.1062565,-0.5802937,3.622217,-0.03941676,-0.977469,3.669014,0.09979504,-0.9706949,3.682449
-0.03571516,0.8106173,3.583943,-0.003737051,0.6247932,3.638522,-0.1861641,0.5271428,3.636806,0.1531324,0.5378021,3.600381,-0.3092613,0.3177792,3.583621,0.3084788,0.2756114,3.606105,-0.5298188,0.09015827,3.513047,0.511113,0.06172866,3.495296,0.005782519,0.2807803,3.639902,0.003105864,0.2169743,3.602424,-0.05714408,0.1363437,3.602355,0.0659285,0.1442794,3.583613,-0.05997563,-0.5332625,3.628716,0.1019243,-0.5238104,3.618275,-0.0428427,-0.9670038,3.672062,0.09699766,-0.9717516,3.671312
-0.03767698,0.8398915,3.598274,-0.006156061,0.6507673,3.629679,-0.1856881,0.5368333,3.631594,0.1533799,0.559526,3.601687,-0.3191851,0.3324816,3.610516,0.3126625,0.3118845,3.621804,-0.5265691,0.1641229,3.568915,0.5103748,0.1166911,3.515577,0.003749192,0.307231,3.639005,0.001707789,0.242978,3.602079,-0.05918278,0.1615216,3.605382,0.06558696,0.169276,3.582856,-0.05739532,-0.5093693,3.589365,0.09224194,-0.5009493,3.582485,-0.04958148,-0.8745391,3.699971,0.08987463,-0.8728613,3.695568
-0.03627212,0.8510203,3.588037,-0.01219144,0.6708896,3.623349,-0.1931441,0.5951397,3.62891,0.14627,0.5771773,3.596555,-0.306994,0.3828526,3.641018,0.310496,0.337781,3.635867,-0.5490119,0.1755562,3.573754,0.5241933,0.1441892,3.527981,0.004542579,0.3478954,3.637732,0.004657564,0.2882065,3.602301,-0.05280129,0.2100433,3.606454,0.07009572,0.2175053,3.58568,-0.06155534,-0.4094513,3.518378,0.09114448,-0.3983552,3.506061,-0.01982375,-0.800068,3.704439,0.07489898,-0.7813806,3.68759
-0.03843737,0.8540182,3.58467,-0.01510301,0.6766952,3.62577,-0.194009,0.5972339,3.631569,0.1454261,0.5800701,3.597231,-0.3601676,0.3612806,3.616249,0.3089461,0.3458654,3.6406,-0.5826849,0.2051343,3.570663,0.5350043,0.1931182,3.536692,0.003657178,0.3526751,3.638806,0.003734483,0.2923262,3.602821,-0.05413593,0.2134604,3.60537,0.06985437,0.2206225,3.586736,-0.05614138,-0.3996143,3.508757,0.08273336,-0.3467531,3.458431,-0.04755756,-0.7821577,3.712773,0.03411543,-0.7112798,3.68541
-0.04051604,0.8550153,3.580502,-0.01997655,0.679516,3.625934,-0.1983209,0.5922007,3.625602,0.1468502,0.5820485,3.599766,-0.3636806,0.3612585,3.616868,0.3067215,0.349439,3.640775,-0.6082685,0.2120353,3.573047,0.5463771,0.1996592,3.514576,0.001448096,0.3542099,3.63901,0.002743976,0.2935921,3.602706,-0.05629776,0.2130118,3.603471,0.07005785,0.2219842,3.587519,-0.05782142,-0.397149,3.504715,0.08450192,-0.3463457,3.45787,-0.05810042,-0.7851982,3.699759,0.03638793,-0.7143477,3.680082
-0.04327453,0.8540401,3.575517,-0.02192344,0.6775938,3.622576,-0.2020065,0.5811689,3.625362,0.1476943,0.5816588,3.598304,-0.3718434,0.3576294,3.613148,0.3016,0.350102,3.622886,-0.6559345,0.2077035,3.551521,0.5647176,0.1989102,3.478278,-0.0008226268,0.3502505,3.636175,1.020264E-05,0.2887359,3.599624,-0.06305691,0.2014476,3.598359,0.06937198,0.2172304,3.585068,-0.06899559,-0.4470023,3.513034,0.08501691,-0.4142419,3.489375,-0.08342209,-0.8103369,3.657085,0.02828602,-0.8127754,3.657098
-0.0479525,0.8496212,3.561263,-0.02454225,0.6657474,3.617092,-0.2059911,0.5641356,3.61703,0.1499683,0.574085,3.598023,-0.3744866,0.3508856,3.605782,0.3122629,0.3128922,3.613324,-0.6543683,0.1989132,3.544173,0.5673741,0.1874793,3.463869,-0.004759827,0.3333709,3.629124,-0.003269176,0.2709784,3.591691,-0.06646052,0.1828138,3.587605,0.06764066,0.1963741,3.578986,-0.07287552,-0.4748492,3.511436,0.07885577,-0.4710504,3.498474,-0.1081043,-0.8438417,3.609718,0.04336055,-0.8518261,3.630912
-0.04997184,0.8317957,3.556018,-0.03167653,0.6278686,3.602658,-0.2123076,0.5325888,3.613957,0.1589268,0.5378165,3.589045,-0.3921976,0.3010881,3.581947,0.3060938,0.2988605,3.60035,-0.6471192,0.1657436,3.487276,0.5265979,0.1585798,3.438378,-0.008861121,0.2990492,3.618303,-0.007273407,0.2370059,3.581728,-0.07382466,0.1467205,3.57831,0.0691432,0.1562082,3.568732,-0.08061507,-0.52279,3.520995,0.07448851,-0.5141157,3.52644,-0.1167236,-0.9368669,3.563826,0.03816814,-0.939709,3.600432
-0.05279353,0.7720761,3.547202,-0.0335582,0.5973195,3.606653,-0.2167183,0.4857531,3.60439,0.1622504,0.4844884,3.586124,-0.3945166,0.2493517,3.577127,0.3039071,0.2427308,3.584548,-0.6052927,0.1413214,3.48549,0.523165,0.1076382,3.397925,-0.01171987,0.2622288,3.614403,-0.009490934,0.1998358,3.574964,-0.07775962,0.1058451,3.568429,0.06892204,0.1245402,3.561524,-0.08641507,-0.5635908,3.508686,0.07343383,-0.5456594,3.514044,-0.1167691,-0.9485335,3.56357,0.04287718,-0.9462726,3.58615
-0.05408824,0.7215239,3.552987,-0.02831036,0.537402,3.599021,-0.215967,0.4395786,3.59911,0.1540561,0.4453326,3.576315,-0.3894695,0.2291701,3.566678,0.297737,0.1884201,3.563718,-0.6056623,0.08395956,3.444381,0.5087061,0.0534607,3.360981,-0.01525519,0.2018156,3.609236,-0.01548789,0.1395039,3.569782,-0.08748633,0.05083306,3.562938,0.06183429,0.0629719,3.558626,-0.09145965,-0.5737251,3.488225,0.07168129,-0.5824457,3.494769,-0.1193862,-0.957186,3.570071,0.05633058,-0.9663202,3.61401
-0.05763814,0.6923527,3.551342,-0.03629966,0.5044521,3.595687,-0.2191308,0.3970141,3.600714,0.1443132,0.3932508,3.569035,-0.3989822,0.172935,3.551811,0.3030691,0.1376157,3.55409,-0.5982307,0.06285912,3.436923,0.4820569,0.02573839,3.371817,-0.01736877,0.1907634,3.608572,-0.01776259,0.1313625,3.569195,-0.08653739,0.04370112,3.560213,0.05665725,0.05447051,3.560678,-0.09908961,-0.5885401,3.480493,0.07034938,-0.5893847,3.491139,-0.1167406,-0.9724948,3.582635,0.0554419,-0.9693878,3.62108
-0.05830014,0.6874055,3.550556,-0.03682147,0.4995491,3.596706,-0.222811,0.3841336,3.598448,0.1451202,0.3897027,3.570313,-0.403077,0.1680338,3.546732,0.2939816,0.135988,3.543802,-0.5990344,0.02675423,3.421531,0.4778115,0.003365791,3.368832,-0.01979835,0.1878109,3.60972,-0.01999296,0.1293312,3.570031,-0.087501,0.04151298,3.562027,0.05157343,0.05089721,3.560059,-0.1049042,-0.5951157,3.492424,0.07052475,-0.5898594,3.49475,-0.1135346,-0.9786071,3.594275,0.04584107,-0.9725461,3.636554
-0.060657,0.6953064,3.542418,-0.03780802,0.5121343,3.591188,-0.2257206,0.4037813,3.592572,0.14169,0.4115613,3.570791,-0.4011987,0.1765685,3.545555,0.2933776,0.1422205,3.540163,-0.5873348,0.03020339,3.439894,0.4744542,-0.003403695,3.369567,-0.02208496,0.1878008,3.605862,-0.02204192,0.1278461,3.565427,-0.08813394,0.04087865,3.558968,0.0480165,0.04900765,3.553537,-0.106343,-0.6074788,3.553149,0.06853843,-0.6142229,3.555264,-0.1137177,-0.9787454,3.593774,0.04899494,-0.9777907,3.646314
-0.06779336,0.7448881,3.524196,-0.04302965,0.572759,3.592938,-0.2306525,0.4611488,3.589021,0.1366718,0.4753264,3.57284,-0.3862568,0.2280411,3.554878,0.2903689,0.1830211,3.535626,-0.5875382,0.04261336,3.461693,0.4698631,-0.003404751,3.377651,-0.03182777,0.2361069,3.589377,-0.03194894,0.1761019,3.544925,-0.09996854,0.09065562,3.533849,0.04063673,0.09809595,3.5304,-0.1051705,-0.5794169,3.557649,0.06290763,-0.5709625,3.564519,-0.1108513,-0.9759815,3.590068,0.04126209,-0.9699954,3.633304
-0.07197838,0.7926592,3.522801,-0.03831735,0.6193432,3.589066,-0.2375341,0.5134188,3.589046,0.1248268,0.5229068,3.558041,-0.3883172,0.2561948,3.557587,0.2727323,0.2476134,3.544014,-0.574761,0.1033928,3.504328,0.4587542,0.04373045,3.45115,-0.03504597,0.2716517,3.593282,-0.03847295,0.2091768,3.54871,-0.1044863,0.1176996,3.544433,0.02613928,0.141199,3.529804,-0.1007566,-0.5531586,3.552996,0.05350812,-0.5277092,3.564593,-0.07260089,-0.9567956,3.582735,0.0344472,-0.9686929,3.635503
-0.07686394,0.8159484,3.520732,-0.04403221,0.640398,3.578416,-0.2363329,0.5402139,3.591219,0.1237359,0.5433974,3.555585,-0.3905769,0.30975,3.578195,0.2766981,0.2620433,3.548427,-0.586154,0.1358931,3.535477,0.4696828,0.07992395,3.476227,-0.04043195,0.310184,3.592541,-0.04454062,0.2502098,3.550513,-0.1104258,0.1676801,3.553561,0.02212343,0.1684306,3.531797,-0.08632519,-0.4849084,3.495579,0.0387881,-0.4902395,3.515301,-0.08983511,-0.8386641,3.648515,-0.0002849502,-0.8575565,3.665695
-0.08084744,0.8224202,3.51895,-0.05756315,0.6496713,3.575621,-0.2416012,0.5513647,3.589515,0.105892,0.5737323,3.547627,-0.3995014,0.3174841,3.587784,0.269013,0.3179139,3.558155,-0.5938172,0.1677967,3.55024,0.4805557,0.1161668,3.47006,-0.04439213,0.3229179,3.593238,-0.04813907,0.2626654,3.552029,-0.1109964,0.1755335,3.55494,0.01728956,0.1929137,3.534573,-0.1102689,-0.4141518,3.462101,0.03204124,-0.4009192,3.456291,-0.08839156,-0.7981774,3.663386,0.005007803,-0.7781434,3.66809
-0.08781673,0.8269428,3.513698,-0.06440961,0.6569104,3.576551,-0.2490658,0.5767594,3.585655,0.1078584,0.5758358,3.549542,-0.4097606,0.3304618,3.588968,0.2640283,0.3229936,3.569609,-0.6479642,0.1777585,3.549265,0.4908289,0.151741,3.476873,-0.05115131,0.3410616,3.594323,-0.05318103,0.2832409,3.553285,-0.1146562,0.1921617,3.554808,0.01500831,0.2072133,3.535553,-0.1106781,-0.4138285,3.461848,0.03480131,-0.3865016,3.449821,-0.09197623,-0.7925241,3.672271,-0.02639446,-0.743977,3.684663
-0.09145011,0.8304344,3.51037,-0.07161719,0.6589434,3.575261,-0.2502844,0.5780355,3.584762,0.1088625,0.5779808,3.552675,-0.4213597,0.3345776,3.590984,0.2639097,0.3240886,3.571274,-0.6476424,0.1969558,3.557504,0.4934658,0.170243,3.471962,-0.05293561,0.3434088,3.594008,-0.05388346,0.2852208,3.553494,-0.1148914,0.1938645,3.554717,0.01487632,0.2102627,3.536549,-0.1078144,-0.430327,3.467546,0.0391128,-0.3529872,3.420944,-0.1178992,-0.8152446,3.624501,-0.01527712,-0.7258425,3.635254
-0.1003807,0.8205413,3.49638,-0.07218622,0.6547625,3.573477,-0.256317,0.5622221,3.57987,0.1079639,0.5684576,3.550168,-0.4255993,0.3339228,3.591309,0.2655346,0.3222694,3.569984,-0.6720322,0.1962402,3.550315,0.5122355,0.1773909,3.443123,-0.05526367,0.3367203,3.591848,-0.05617425,0.2775153,3.55174,-0.1182414,0.1858216,3.55064,0.01284297,0.2032956,3.537097,-0.1246414,-0.4842165,3.499629,0.01784836,-0.4608387,3.479213,-0.1526498,-0.8754357,3.556653,-0.0210176,-0.8499999,3.650645
-0.1100293,0.8134365,3.488683,-0.08588412,0.638045,3.571065,-0.2666568,0.534938,3.576963,0.1014533,0.5459585,3.54284,-0.4333833,0.3249722,3.582662,0.2691447,0.301202,3.547496,-0.6842484,0.1887227,3.527871,0.5133263,0.1727677,3.39676,-0.06364444,0.3183745,3.589282,-0.06384645,0.2584944,3.549696,-0.1252811,0.1680617,3.547957,0.007325734,0.184187,3.536051,-0.1308164,-0.502265,3.501039,0.01035291,-0.4867346,3.504631,-0.1683269,-0.9235885,3.554816,-0.04160089,-0.9610355,3.587181
-0.1152295,0.7771975,3.484147,-0.08122428,0.6055034,3.570526,-0.2808744,0.486838,3.570182,0.09650352,0.5101054,3.537166,-0.4637057,0.2763698,3.577351,0.2630619,0.2690028,3.53315,-0.6768159,0.1573067,3.472877,0.5037648,0.1606689,3.376676,-0.06621265,0.2939809,3.585004,-0.06743892,0.2361421,3.54478,-0.134413,0.1249227,3.540622,0.00422104,0.1703866,3.530266,-0.1427232,-0.546051,3.50942,0.005157841,-0.5006979,3.501619,-0.1722537,-0.9580437,3.554708,-0.03285002,-0.9570191,3.570588
-0.1205654,0.7403516,3.484025,-0.09362376,0.5539785,3.569698,-0.2775776,0.4607414,3.571736,0.08226377,0.4598094,3.530796,-0.450352,0.2561613,3.570263,0.261943,0.2151876,3.526312,-0.679118,0.1331673,3.452907,0.4766166,0.104552,3.333949,-0.07463893,0.2369836,3.580399,-0.07619797,0.1790035,3.53879,-0.1371387,0.1010617,3.537413,-0.006580928,0.1062654,3.522223,-0.1428758,-0.5223057,3.481568,-0.0002037066,-0.5604106,3.491917,-0.1708245,-0.9565828,3.560025,-0.03035655,-0.9550046,3.56912
-0.1282392,0.6780621,3.493028,-0.1086613,0.4976815,3.574324,-0.2851842,0.4048106,3.570565,0.07154121,0.4068939,3.527295,-0.4765836,0.1801386,3.554147,0.2492256,0.1687941,3.508192,-0.672987,0.08551697,3.420069,0.4566029,0.07692505,3.328775,-0.08285117,0.1748328,3.582111,-0.08357827,0.1161497,3.538852,-0.1456853,0.03361575,3.528289,-0.01102784,0.03983071,3.528768,-0.155016,-0.6005388,3.475615,-0.001475155,-0.5718502,3.473862,-0.1720643,-0.9662493,3.575924,-0.02920576,-0.9569855,3.577774
-0.1293646,0.6705239,3.497201,-0.1029514,0.4871681,3.573393,-0.2851084,0.3806228,3.566283,0.07603104,0.3910623,3.531269,-0.4730445,0.1748222,3.549312,0.251651,0.1412126,3.503513,-0.6678186,0.06672425,3.410807,0.4328485,0.02328902,3.323837,-0.08270145,0.1687869,3.582754,-0.08328923,0.1109716,3.538721,-0.1461907,0.02662488,3.529818,-0.01143798,0.03330033,3.526911,-0.1664036,-0.5749176,3.466361,-0.0009216124,-0.5756224,3.469797,-0.191656,-0.9633939,3.604615,-0.03633562,-0.9718977,3.608717
-0.129401,0.6696433,3.497646,-0.1018384,0.4845818,3.571041,-0.2851977,0.380777,3.566191,0.07627626,0.3909898,3.5312,-0.4758743,0.1667021,3.536934,0.248494,0.1403218,3.502933,-0.6637962,0.04024303,3.39488,0.4260673,0.01099587,3.327897,-0.08373324,0.1643229,3.579838,-0.08510649,0.1064981,3.534578,-0.1486973,0.02206025,3.526551,-0.01471093,0.02739072,3.52013,-0.1705319,-0.5714253,3.472819,-0.0006185673,-0.5754378,3.469849,-0.1904339,-0.9649609,3.605307,-0.03881771,-0.9662207,3.597226
-0.1239378,0.692775,3.48848,-0.09735866,0.5159542,3.563816,-0.2896,0.4143399,3.561937,0.07794884,0.4186145,3.533383,-0.4739951,0.1771781,3.539648,0.2458524,0.1456798,3.503649,-0.6609792,0.03802261,3.395904,0.4077324,-0.01258506,3.364159,-0.08610968,0.1810741,3.568679,-0.08771651,0.1222632,3.521455,-0.1556423,0.03787113,3.508979,-0.01604213,0.04425216,3.507663,-0.1779226,-0.6065543,3.533203,0.007081114,-0.5644573,3.496445,-0.1938257,-0.9721931,3.601021,-0.02898765,-0.9376976,3.56782
-0.1283513,0.7472997,3.48162,-0.09815091,0.5785157,3.56969,-0.2902532,0.4780461,3.562139,0.0768708,0.4875861,3.536416,-0.4589035,0.2480316,3.544658,0.2318456,0.1956459,3.502366,-0.646711,0.05762763,3.414294,0.3835332,0.02039935,3.410888,-0.08752555,0.241728,3.566981,-0.08929694,0.1830668,3.517504,-0.1599106,0.09430205,3.509265,-0.01502358,0.1083763,3.498337,-0.1745498,-0.5673565,3.543036,-0.001927296,-0.5612612,3.527465,-0.179229,-0.957352,3.58187,-0.03026926,-0.9392211,3.568104
-0.1315053,0.7983162,3.478133,-0.1028185,0.6125481,3.57087,-0.2909958,0.5219021,3.565056,0.07746295,0.5349128,3.539032,-0.4423797,0.2971436,3.557597,0.2165281,0.2600363,3.539354,-0.659995,0.100899,3.446209,0.3972725,0.04954778,3.465007,-0.08951449,0.2888781,3.569346,-0.09081024,0.233287,3.519224,-0.1564564,0.1468886,3.509301,-0.01946405,0.1538503,3.501036,-0.1720787,-0.5229917,3.535273,-0.009891914,-0.5160183,3.529054,-0.1655823,-0.9394788,3.569618,-0.02688251,-0.9582078,3.59056
-0.1316688,0.8036631,3.479821,-0.1015915,0.6358105,3.567503,-0.2934265,0.547424,3.568985,0.07757139,0.5595865,3.543898,-0.4707804,0.3106111,3.563321,0.216472,0.3108868,3.553732,-0.6649153,0.1515821,3.467731,0.4150613,0.09778708,3.483575,-0.09020714,0.313455,3.572034,-0.09184765,0.2575582,3.522162,-0.1564418,0.169065,3.513844,-0.02303846,0.1804924,3.504639,-0.1626171,-0.4741288,3.475188,-0.01992317,-0.4746241,3.486221,-0.1488912,-0.8397301,3.609695,-0.05431246,-0.847387,3.660737
-0.1318331,0.8089995,3.47704,-0.1066381,0.6449096,3.567669,-0.2922729,0.5656797,3.566952,0.07152294,0.5687948,3.543061,-0.482143,0.3204565,3.566005,0.2175948,0.3194612,3.557425,-0.6850987,0.1796936,3.489449,0.4337701,0.1174947,3.493512,-0.09334321,0.3323798,3.575764,-0.09412709,0.2787462,3.525966,-0.1562578,0.1949548,3.516624,-0.02593294,0.2069836,3.512193,-0.1586886,-0.4156554,3.430259,-0.01713632,-0.3505564,3.408475,-0.1659527,-0.7949852,3.623179,-0.0549174,-0.7290596,3.617735
-0.1320458,0.8110155,3.475615,-0.1071781,0.6497085,3.567979,-0.2934099,0.5698433,3.564282,0.07244159,0.5814021,3.546451,-0.4552563,0.3758167,3.567056,0.2236447,0.3193539,3.563932,-0.6925896,0.1944282,3.484113,0.460246,0.1503475,3.480137,-0.09449979,0.3400211,3.576769,-0.09478243,0.2867655,3.526299,-0.158144,0.1993608,3.516128,-0.02507649,0.2128944,3.512515,-0.1565739,-0.4008684,3.415165,-0.01498164,-0.3393922,3.402558,-0.1605145,-0.783993,3.62016,-0.06461818,-0.7110428,3.620538
-0.1351734,0.8160868,3.464111,-0.1076171,0.6525769,3.566312,-0.2942518,0.5723563,3.56259,0.06727073,0.5779024,3.541626,-0.5020325,0.3499027,3.557922,0.2349693,0.3096283,3.561522,-0.698012,0.2043903,3.477975,0.4640284,0.1600255,3.478574,-0.09485339,0.339895,3.576661,-0.09577748,0.2859937,3.525571,-0.1603214,0.1989517,3.514481,-0.02582867,0.2122197,3.51251,-0.1566805,-0.4016225,3.414593,-0.01433626,-0.3385022,3.399991,-0.1635094,-0.7902535,3.610417,-0.06884135,-0.711499,3.615078
-0.1353881,0.8189011,3.46174,-0.106207,0.6521546,3.564176,-0.2964246,0.5688554,3.559566,0.06715122,0.5725243,3.540962,-0.5014276,0.3476989,3.556782,0.2308654,0.3079097,3.557388,-0.711256,0.2045133,3.459836,0.4602067,0.1622238,3.472745,-0.09614443,0.336458,3.575295,-0.09749372,0.2812273,3.523664,-0.1640311,0.1943537,3.51185,-0.02799735,0.2043047,3.511567,-0.1741753,-0.4530908,3.417168,-0.026217,-0.436341,3.435652,-0.1787239,-0.8297656,3.573782,-0.09047264,-0.8221214,3.627343
-0.1329929,0.818473,3.463648,-0.1063711,0.6445096,3.558647,-0.2989506,0.5608197,3.555139,0.07365862,0.5401673,3.534117,-0.496747,0.3387592,3.549877,0.2258501,0.2899,3.54648,-0.6955671,0.1982171,3.452752,0.4572142,0.1479353,3.4443,-0.0990612,0.3185276,3.570602,-0.1006879,0.2608154,3.518983,-0.1697111,0.1742356,3.503569,-0.02987395,0.1753887,3.511796,-0.1798256,-0.4943056,3.431127,-0.04277506,-0.4953919,3.479287,-0.2000631,-0.8903236,3.527069,-0.08768466,-0.8875082,3.557284
-0.1316991,0.7917084,3.449754,-0.1113876,0.6037419,3.552003,-0.2999154,0.5112408,3.530974,0.07045709,0.5183409,3.532476,-0.4903786,0.2832991,3.525158,0.2125278,0.2390785,3.532503,-0.6763574,0.1564406,3.409865,0.4543887,0.0917486,3.387502,-0.1063456,0.2669697,3.562952,-0.1051614,0.2085578,3.510631,-0.1765732,0.1235723,3.492136,-0.03086175,0.1312548,3.50633,-0.1904918,-0.5465165,3.441314,-0.03270806,-0.5207043,3.464823,-0.1964445,-0.9534535,3.496743,-0.07356513,-0.9551624,3.540547
-0.1246737,0.7338594,3.459465,-0.1179172,0.5531244,3.538843,-0.2957948,0.4619693,3.517661,0.05317188,0.4513215,3.511101,-0.5020752,0.2325749,3.50873,0.209127,0.1806359,3.51356,-0.6980923,0.1066285,3.383115,0.4362354,0.05296484,3.368419,-0.1128659,0.214309,3.555744,-0.1127341,0.1536093,3.504386,-0.1852293,0.07419975,3.484533,-0.03819838,0.07574477,3.505117,-0.1915763,-0.582131,3.432991,-0.04619575,-0.594916,3.461885,-0.2494311,-0.9746095,3.5079,-0.07581908,-0.9786305,3.546076
-0.1189374,0.6898243,3.466909,-0.09994994,0.5028135,3.526891,-0.2939212,0.404209,3.503806,0.04956765,0.396687,3.50082,-0.4949726,0.1708612,3.483786,0.2238507,0.1306667,3.50116,-0.6815407,0.0585742,3.358521,0.4108508,0.005182513,3.355282,-0.1062661,0.1598609,3.54986,-0.1079024,0.09698875,3.500579,-0.1785733,0.01819422,3.482838,-0.04027442,0.020504,3.50285,-0.1863895,-0.6148149,3.411228,-0.04300985,-0.5332222,3.439209,-0.2649732,-0.9787642,3.523288,-0.07909843,-0.9555248,3.558264
-0.1187362,0.6665819,3.485326,-0.1116289,0.4769379,3.531598,-0.2970571,0.3906152,3.514218,0.05451942,0.3749276,3.513582,-0.4924426,0.1677616,3.488498,0.2165293,0.1126809,3.500563,-0.688997,0.01351161,3.32138,0.3891486,-0.02210261,3.357414,-0.1094069,0.1581077,3.550568,-0.1100496,0.09741151,3.501547,-0.1816074,0.01828571,3.490526,-0.04359511,0.02022949,3.498656,-0.1955002,-0.6138132,3.410867,-0.04648975,-0.588478,3.44467,-0.2576287,-0.9802568,3.53725,-0.08864588,-0.9787015,3.572378
-0.1187058,0.6664164,3.485573,-0.114905,0.4750738,3.533771,-0.2974459,0.3815522,3.515599,0.06250313,0.3711572,3.523567,-0.4923065,0.1667913,3.488122,0.2152928,0.1124072,3.500976,-0.686277,0.01284703,3.323662,0.3924118,-0.03462706,3.354605,-0.1109479,0.1579332,3.551468,-0.1100873,0.09817596,3.502681,-0.1800808,0.01703371,3.486905,-0.04153343,0.01999914,3.506581,-0.2182089,-0.6199207,3.432382,-0.04393516,-0.5839748,3.456161,-0.256754,-0.982602,3.543109,-0.09401149,-0.9701501,3.574262
-0.1154719,0.6814576,3.481956,-0.1124116,0.4985288,3.540069,-0.2910555,0.4089416,3.516734,0.07547943,0.4061947,3.531883,-0.4860249,0.1793959,3.481923,0.2053773,0.1395242,3.500868,-0.676137,0.02267135,3.33523,0.3707878,-0.01919722,3.397182,-0.1114904,0.1705666,3.552174,-0.1093895,0.1133519,3.501762,-0.1769823,0.03522357,3.483613,-0.04153971,0.02933634,3.502005,-0.2244769,-0.6060578,3.472561,-0.05842549,-0.6206514,3.515582,-0.2558457,-0.9794261,3.538417,-0.09435613,-0.9728264,3.574214
-0.123336,0.7482325,3.475005,-0.1107328,0.5686914,3.556353,-0.2944579,0.475577,3.531068,0.07599498,0.4779836,3.534134,-0.4836203,0.2329615,3.491289,0.2004257,0.1932622,3.502625,-0.6607675,0.06475227,3.379287,0.3806041,-0.008538178,3.394421,-0.1120308,0.2298131,3.550593,-0.1118885,0.1727646,3.495917,-0.1847598,0.0911802,3.479395,-0.03949554,0.09051429,3.481588,-0.2192093,-0.5788026,3.492406,-0.05907741,-0.5774108,3.532987,-0.2432758,-0.9435704,3.511858,-0.09420285,-0.9747199,3.573927
-0.1232832,0.8036599,3.473665,-0.103582,0.6271771,3.555122,-0.2970825,0.5276089,3.536606,0.07118291,0.5199544,3.528948,-0.4603808,0.2960877,3.51995,0.1970102,0.2488394,3.512689,-0.6676653,0.09322388,3.406512,0.3976724,0.04223735,3.436383,-0.1042732,0.2822025,3.553552,-0.1054011,0.2232091,3.499106,-0.1742206,0.145758,3.486569,-0.03744448,0.1347275,3.483214,-0.2074201,-0.5247166,3.489953,-0.05616474,-0.5336379,3.531401,-0.2192082,-0.9293691,3.533551,-0.09354155,-0.9708047,3.57176
-0.1209185,0.8125886,3.477064,-0.09937905,0.6429896,3.548548,-0.2932165,0.5477477,3.536983,0.06639158,0.545395,3.527674,-0.4805572,0.3085087,3.527515,0.2238179,0.281307,3.529099,-0.6662874,0.1645901,3.440605,0.4181222,0.09049516,3.464,-0.101153,0.2993383,3.55475,-0.1028883,0.2398546,3.501239,-0.1711645,0.1569242,3.489384,-0.03623601,0.1701571,3.49013,-0.1639791,-0.4887458,3.454079,-0.05244729,-0.4982175,3.487067,-0.2083907,-0.8751385,3.568643,-0.1052998,-0.8623927,3.642298
-0.1241032,0.8396349,3.476962,-0.1093274,0.6614771,3.53585,-0.2866034,0.5797616,3.539017,0.06387292,0.5691978,3.524799,-0.4769942,0.3407082,3.531671,0.2199186,0.3109078,3.535581,-0.6838863,0.1781445,3.449906,0.4334249,0.1220866,3.469389,-0.102645,0.332478,3.553168,-0.1031808,0.2752404,3.502241,-0.1655077,0.1930141,3.49824,-0.0373485,0.200535,3.488694,-0.1587299,-0.4257628,3.417154,-0.02571824,-0.3430406,3.4034,-0.1781393,-0.8064046,3.605182,-0.09186622,-0.7176237,3.613598
-0.1204868,0.8495562,3.475668,-0.1074069,0.670815,3.544869,-0.2852474,0.5967567,3.538006,0.06491077,0.5892525,3.526905,-0.4784077,0.3486194,3.538618,0.2209756,0.3243192,3.545517,-0.6970386,0.2115538,3.46181,0.4554605,0.1529656,3.454848,-0.1016157,0.3454698,3.559592,-0.1020773,0.2883905,3.507407,-0.1643193,0.2059134,3.498699,-0.03726866,0.214863,3.496222,-0.1620672,-0.3945723,3.406557,-0.02339383,-0.3389443,3.403106,-0.1745453,-0.7832994,3.602722,-0.08907931,-0.7115935,3.616648
-0.1179641,0.8520063,3.474742,-0.1080025,0.6713182,3.546151,-0.2846466,0.6020788,3.539611,0.07266209,0.5970644,3.531035,-0.4854904,0.3581288,3.546037,0.2236965,0.3262958,3.54903,-0.6889348,0.2323857,3.470052,0.4657519,0.1642249,3.45537,-0.1009667,0.3507991,3.561572,-0.1005001,0.2955076,3.509346,-0.1625092,0.2125493,3.498599,-0.03531553,0.2187184,3.498156,-0.1628321,-0.3960336,3.406858,-0.02462967,-0.4046262,3.44445,-0.1797506,-0.7875312,3.597993,-0.0916646,-0.7780849,3.6565
-0.1168873,0.8513268,3.475679,-0.1075742,0.6696657,3.547687,-0.2829548,0.5992667,3.539812,0.08034277,0.5891349,3.53474,-0.4883835,0.3566231,3.546879,0.2271438,0.3249894,3.547873,-0.6898564,0.2307555,3.462932,0.4729839,0.1729072,3.454123,-0.1011805,0.3496702,3.562385,-0.1001646,0.2944697,3.509826,-0.1625268,0.2115733,3.49824,-0.03408185,0.2159225,3.499918,-0.1730424,-0.4399374,3.43012,-0.02734245,-0.4422788,3.454809,-0.1874098,-0.8226086,3.57737,-0.07511984,-0.8257653,3.622829
-0.1114679,0.8422254,3.479726,-0.09690165,0.6579901,3.551959,-0.2791531,0.55902,3.544279,0.08396926,0.5598514,3.536565,-0.4887953,0.3504671,3.545291,0.2340102,0.3156715,3.54388,-0.688471,0.2132464,3.444927,0.4752805,0.1667816,3.402813,-0.09572082,0.3296754,3.564522,-0.09667757,0.2715026,3.511217,-0.1623962,0.1917793,3.497899,-0.03133583,0.1891631,3.501512,-0.1800108,-0.4787363,3.455314,-0.02941383,-0.4821773,3.484248,-0.1862995,-0.8856404,3.556916,-0.06836379,-0.8531597,3.579147
-0.1074417,0.8136714,3.476604,-0.09814029,0.6310652,3.560589,-0.279974,0.5404766,3.546524,0.09104545,0.5251004,3.533494,-0.4924025,0.2977398,3.525041,0.2371945,0.2704265,3.525078,-0.6858981,0.1756869,3.424161,0.4703466,0.1362861,3.37396,-0.09667743,0.3019234,3.566967,-0.0980217,0.245959,3.512341,-0.165279,0.1631856,3.499952,-0.0310249,0.1612091,3.498287,-0.1799506,-0.5080408,3.47882,-0.02727369,-0.5101968,3.481128,-0.1824322,-0.9764711,3.541996,-0.03809164,-0.9472322,3.555395
-0.1010894,0.7563232,3.479404,-0.08294981,0.5744761,3.562943,-0.2739977,0.48364,3.548534,0.09294619,0.4874862,3.532708,-0.48227,0.2712345,3.510599,0.2385408,0.2435662,3.522207,-0.687378,0.1240863,3.36891,0.4630562,0.08597308,3.357091,-0.0907723,0.2460358,3.567729,-0.09500939,0.1904196,3.512617,-0.165847,0.1098586,3.500173,-0.02928817,0.1080415,3.497719,-0.1797794,-0.5613015,3.471384,-0.02442085,-0.5251521,3.476667,-0.1839837,-0.9760815,3.542336,-0.02874396,-0.9607244,3.557657
-0.10156,0.7223505,3.488954,-0.09406826,0.5238583,3.557731,-0.2661765,0.4453904,3.547434,0.09453886,0.4269132,3.528053,-0.4887018,0.2013689,3.496499,0.241464,0.1875631,3.50785,-0.671486,0.0812193,3.366067,0.4539084,0.03651644,3.33057,-0.09229402,0.1924718,3.566931,-0.09468696,0.1353771,3.512325,-0.161095,0.05307388,3.501605,-0.02853399,0.05750802,3.498503,-0.1776582,-0.5954463,3.456359,-0.02194544,-0.5875055,3.456297,-0.1915217,-0.9785147,3.559927,-0.02393716,-0.9665928,3.578382
-0.09723183,0.6796602,3.500247,-0.08571934,0.4919964,3.55901,-0.2621529,0.3942458,3.543381,0.09195921,0.4034466,3.529899,-0.4720399,0.1796007,3.49462,0.2492484,0.1385372,3.503962,-0.6626232,0.04261523,3.34532,0.4451981,0.007931845,3.331717,-0.08841976,0.1614046,3.565542,-0.09145784,0.1049803,3.510292,-0.1585769,0.02508073,3.494926,-0.02668064,0.02906081,3.500292,-0.1790413,-0.5971769,3.456125,-0.01432631,-0.5933692,3.457431,-0.2000462,-0.9742333,3.578415,-0.03594668,-0.9788064,3.621822
-0.0974922,0.677675,3.5018,-0.08477487,0.4883416,3.558101,-0.2646435,0.3911887,3.542056,0.09324025,0.3927803,3.530369,-0.4678543,0.169987,3.482527,0.2495002,0.1374981,3.503118,-0.6591553,0.02287946,3.347527,0.4382347,-0.0130745,3.345261,-0.08802666,0.1567508,3.56435,-0.0906685,0.1002478,3.508838,-0.1589558,0.01903471,3.493587,-0.02429964,0.02094641,3.497418,-0.1884278,-0.6040887,3.481344,-0.00680954,-0.5897522,3.46928,-0.190569,-0.9749803,3.582082,-0.03490257,-0.9777839,3.619568
-0.1014978,0.6904629,3.487916,-0.08667263,0.5026029,3.55509,-0.2671757,0.4030992,3.530768,0.09191892,0.4034193,3.526957,-0.4657756,0.1768059,3.479417,0.2456202,0.1437046,3.506361,-0.6544716,0.01778412,3.347585,0.4373505,-0.01512043,3.354121,-0.08635594,0.1648241,3.560127,-0.087027,0.1076925,3.504097,-0.1553908,0.0266145,3.487701,-0.01790518,0.02985574,3.492728,-0.1834476,-0.5996343,3.522273,-0.004631543,-0.5864053,3.525039,-0.1852799,-0.9734098,3.581745,-0.03620361,-0.9597743,3.58405
-0.1091652,0.7454232,3.481633,-0.08098442,0.5711054,3.552536,-0.2704623,0.470945,3.534293,0.0944646,0.4805732,3.526906,-0.4667107,0.2055394,3.479746,0.2252282,0.217392,3.521319,-0.6435241,0.05155759,3.39532,0.4338301,-0.002345515,3.387875,-0.07932327,0.2314736,3.556858,-0.08048178,0.1735997,3.500637,-0.1534344,0.09474467,3.484028,-0.007324086,0.09029929,3.490315,-0.1747344,-0.5717306,3.54906,-0.009006646,-0.5775613,3.545962,-0.1767893,-0.9699969,3.570934,-0.03566747,-0.9604464,3.583283
-0.1164887,0.7993373,3.470702,-0.08765162,0.6101936,3.551722,-0.2726792,0.5217456,3.537278,0.09820469,0.5236449,3.523945,-0.4336996,0.2943188,3.515114,0.2405121,0.25174,3.526693,-0.6434831,0.109271,3.428743,0.4420547,0.05971165,3.44944,-0.08025712,0.2826769,3.558255,-0.08084651,0.2262018,3.502369,-0.1493369,0.1414856,3.488939,-0.009244653,0.1447047,3.488785,-0.1645346,-0.5262574,3.545346,-0.008178163,-0.5232822,3.544508,-0.1469986,-0.9578748,3.559611,-0.03570558,-0.9514744,3.583998
-0.1133116,0.8250391,3.47612,-0.08468407,0.6419802,3.547912,-0.2754913,0.548412,3.540553,0.09179034,0.5603853,3.520734,-0.4411641,0.3298066,3.525459,0.2382277,0.3130803,3.546221,-0.6483634,0.1644554,3.452768,0.4565596,0.1135408,3.471233,-0.07884473,0.3019646,3.559175,-0.08103754,0.2435135,3.503762,-0.1475947,0.159129,3.492596,-0.01281544,0.165419,3.490248,-0.1509155,-0.5107396,3.527711,-2.297387E-05,-0.5046885,3.520301,-0.1434118,-0.9490611,3.563724,-0.03071703,-0.9533703,3.603784
-0.1124239,0.8383404,3.477226,-0.08412462,0.6533431,3.548382,-0.2761709,0.5646173,3.538568,0.09375092,0.5709318,3.523747,-0.4661448,0.3316379,3.528258,0.2417424,0.3206589,3.551483,-0.6643978,0.180424,3.457718,0.4673851,0.1480299,3.469809,-0.07783867,0.3311921,3.565173,-0.07907151,0.2756284,3.511289,-0.1447366,0.185021,3.501503,-0.01161966,0.1986347,3.498067,-0.1432785,-0.4382986,3.466626,0.0002022852,-0.4389461,3.467385,-0.1182501,-0.8083544,3.637185,-0.03374204,-0.8258109,3.66356
-0.1140921,0.8441361,3.472689,-0.08207461,0.6608084,3.548822,-0.2744841,0.5757372,3.539757,0.09237735,0.5785549,3.525265,-0.4619533,0.3596685,3.53275,0.2464317,0.3305213,3.56131,-0.6803563,0.2067406,3.45968,0.4837817,0.1762102,3.471241,-0.07514357,0.3441195,3.56775,-0.07623363,0.2887927,3.514463,-0.1413604,0.2025127,3.505403,-0.008371277,0.2138114,3.502872,-0.1413207,-0.3803369,3.435519,0.005096593,-0.3742355,3.436745,-0.1270061,-0.7491943,3.663688,-0.03887384,-0.7442302,3.659844
-0.1132087,0.8516465,3.464562,-0.084837,0.6657875,3.538017,-0.274684,0.5759291,3.539904,0.08926497,0.5803086,3.522897,-0.4553028,0.3674958,3.531779,0.2455013,0.3396087,3.558404,-0.6800988,0.2125082,3.457458,0.4841233,0.2009395,3.467313,-0.07502491,0.3467456,3.566036,-0.07628673,0.2894118,3.514442,-0.1415924,0.2033898,3.506115,-0.00799801,0.2146322,3.503488,-0.1497451,-0.3362654,3.401724,0.004580175,-0.3790965,3.436262,-0.12963,-0.7030494,3.632652,-0.0374015,-0.7499902,3.65856
-0.1135465,0.8502867,3.454222,-0.08512776,0.6656443,3.537313,-0.2749103,0.5751898,3.539314,0.09024297,0.5788337,3.522206,-0.4593214,0.3612643,3.531502,0.2464049,0.3391012,3.557881,-0.6790001,0.2127884,3.454702,0.4837814,0.201488,3.461486,-0.07465702,0.3474341,3.564844,-0.07540479,0.2900339,3.51503,-0.1410449,0.2036018,3.506268,-0.004443143,0.2147797,3.507711,-0.144586,-0.3978223,3.430299,0.008978041,-0.4064778,3.440519,-0.1299822,-0.7802241,3.624696,-0.01214335,-0.7834767,3.62448
-0.1151361,0.8383677,3.447356,-0.08637529,0.6618022,3.535489,-0.2756193,0.5632234,3.531369,0.09143703,0.5635264,3.514084,-0.4659681,0.3261421,3.522847,0.252249,0.3112479,3.535863,-0.6696131,0.1993313,3.444064,0.4780567,0.1658408,3.403138,-0.07170007,0.3359969,3.562334,-0.07074412,0.2749113,3.514657,-0.1365821,0.1903156,3.504939,0.004087612,0.1922752,3.510588,-0.1412446,-0.4473178,3.44821,0.02383699,-0.450427,3.458884,-0.1373833,-0.8275152,3.56921,-0.01040388,-0.8380687,3.583418
-0.1145808,0.806805,3.434126,-0.08392127,0.6249576,3.520952,-0.2702389,0.5325609,3.514794,0.09144732,0.5475809,3.509285,-0.4417094,0.3159142,3.509976,0.2522877,0.283676,3.526523,-0.629776,0.168412,3.413722,0.4703538,0.1259028,3.369032,-0.06895828,0.3039012,3.554997,-0.06689475,0.2433278,3.511566,-0.1304829,0.1564012,3.502064,0.004588601,0.1702086,3.510609,-0.1347467,-0.5148281,3.46782,0.02802682,-0.500537,3.473623,-0.1544777,-0.9070446,3.539248,0.007500954,-0.913137,3.554846
-0.1153773,0.7764819,3.434675,-0.08251051,0.5910069,3.521393,-0.276459,0.4952486,3.519298,0.09925704,0.4904397,3.502198,-0.4572393,0.2481004,3.497212,0.2576651,0.2215504,3.504017,-0.6381792,0.102766,3.405098,0.450074,0.07796212,3.349065,-0.06787564,0.281389,3.551682,-0.06716371,0.2224933,3.510044,-0.1332703,0.132822,3.502016,0.006231948,0.1391604,3.505735,-0.1308121,-0.5386119,3.470912,0.02840086,-0.5319877,3.477947,-0.1552258,-0.9669306,3.544103,0.02563969,-0.9655012,3.550837
-0.1084349,0.7254457,3.442619,-0.08275243,0.5388119,3.530104,-0.2728648,0.445568,3.512482,0.09885192,0.4388323,3.488401,-0.4374892,0.2232032,3.494754,0.2650697,0.1623395,3.487689,-0.6313855,0.04649311,3.360871,0.4450046,0.01622534,3.324133,-0.06336504,0.2204203,3.550403,-0.06265891,0.1614461,3.507645,-0.1271284,0.07237563,3.495219,0.01067813,0.08397885,3.503927,-0.1259386,-0.5821261,3.462398,0.03151277,-0.587004,3.467277,-0.1561186,-0.9676821,3.545721,0.02772268,-0.9683604,3.551075
-0.1000937,0.6806744,3.460241,-0.07653843,0.4886034,3.529294,-0.2585777,0.3975704,3.506488,0.1062176,0.402982,3.50046,-0.4630206,0.1451173,3.462956,0.2608885,0.1331104,3.477926,-0.6378567,-0.003113148,3.352626,0.4421882,-0.02197327,3.309549,-0.06237355,0.1869178,3.548195,-0.06032801,0.1314447,3.505721,-0.1245928,0.04607144,3.486491,0.01186705,0.04878793,3.508563,-0.1252475,-0.5917466,3.458002,0.04012282,-0.5930267,3.456809,-0.1568372,-0.9722728,3.562981,0.03210939,-0.9731606,3.603415
-0.0983927,0.6787051,3.461641,-0.07606135,0.4871518,3.528773,-0.2595362,0.3946241,3.507953,0.09892023,0.3808961,3.496548,-0.4626869,0.1408457,3.464247,0.2595869,0.1288855,3.482487,-0.6342791,-0.005878448,3.355238,0.4368441,-0.03498341,3.316059,-0.06241681,0.1834561,3.547392,-0.06106789,0.1274631,3.505379,-0.1250224,0.04281521,3.489521,0.009582582,0.04567399,3.504546,-0.1282852,-0.594138,3.460311,0.04281759,-0.5936599,3.461708,-0.1562632,-0.9792498,3.575443,0.03118232,-0.9730751,3.606614
-0.0957947,0.683741,3.460901,-0.07348151,0.4934021,3.526489,-0.258931,0.3958389,3.50728,0.1001964,0.3948246,3.502691,-0.4538339,0.1585535,3.47226,0.2584088,0.1314832,3.483797,-0.6248918,-0.001745392,3.377795,0.4255671,-0.02784666,3.356009,-0.06238805,0.1804874,3.544515,-0.06053168,0.1217596,3.501639,-0.1246044,0.03888457,3.488156,0.009078922,0.041568,3.498505,-0.1396466,-0.6051507,3.488003,0.05163702,-0.5980937,3.517072,-0.1575836,-0.9813898,3.577224,0.02780076,-0.968079,3.601009
-0.09144944,0.7359437,3.442308,-0.06806902,0.5571855,3.524404,-0.2571243,0.4462695,3.506017,0.106178,0.4757694,3.51454,-0.4256885,0.2215692,3.492511,0.2497679,0.1771257,3.490329,-0.6138791,0.04440663,3.408192,0.424024,-0.008924691,3.36615,-0.06137105,0.2156049,3.534264,-0.05925227,0.1526709,3.490507,-0.1223285,0.07166833,3.475592,0.007973858,0.071888,3.484946,-0.1381764,-0.5984688,3.503979,0.03988068,-0.5955257,3.539255,-0.1478186,-0.9771934,3.556287,0.02378056,-0.9774299,3.613271
-0.08645406,0.7663394,3.443984,-0.07605012,0.5916522,3.520098,-0.2579016,0.4958773,3.495058,0.1087415,0.5084535,3.511712,-0.4201814,0.2612756,3.494112,0.2462016,0.2354406,3.505446,-0.6221531,0.0701243,3.417263,0.448626,0.009699269,3.381012,-0.06755944,0.2678834,3.52758,-0.06349814,0.2088842,3.48184,-0.1306971,0.1218705,3.468305,0.009614639,0.131808,3.473621,-0.1276275,-0.5486821,3.494164,0.02813339,-0.5369183,3.520414,-0.1264825,-0.9288029,3.549433,-0.00435604,-0.9529878,3.578458
-0.08681601,0.8082132,3.446773,-0.07825553,0.6222444,3.503457,-0.2591883,0.5180813,3.491585,0.1051145,0.5213801,3.499506,-0.4221653,0.2926036,3.485853,0.2472974,0.2524428,3.50644,-0.6265242,0.1398516,3.439989,0.4484869,0.07198652,3.418608,-0.06692652,0.2856084,3.524414,-0.06361748,0.223956,3.480656,-0.1301035,0.1378102,3.471189,0.008936409,0.1481099,3.472502,-0.121579,-0.4966001,3.452389,0.02587448,-0.4636047,3.451505,-0.1285284,-0.8715221,3.58898,-0.01578758,-0.8585138,3.63429
-0.08836813,0.8120204,3.43951,-0.08345482,0.6339234,3.488073,-0.2560491,0.5305307,3.482949,0.1021595,0.5393176,3.495028,-0.4331639,0.3200356,3.495457,0.2531729,0.2809529,3.505978,-0.6310083,0.161687,3.438224,0.4716708,0.1113277,3.427825,-0.0679003,0.3017519,3.5193,-0.06338069,0.2388835,3.479977,-0.1267575,0.154587,3.475463,0.008151053,0.1654695,3.473853,-0.106937,-0.4265426,3.391226,0.02632643,-0.3408749,3.365984,-0.1256818,-0.8010899,3.611223,-0.0248573,-0.712886,3.585223
-0.08771562,0.811147,3.419823,-0.08289878,0.6372905,3.483744,-0.2571124,0.5501281,3.479542,0.09921677,0.5533514,3.490459,-0.4646605,0.3164793,3.492776,0.2537742,0.2895485,3.506174,-0.6676115,0.179905,3.433143,0.4755446,0.130577,3.421897,-0.06827927,0.3145887,3.513839,-0.0641527,0.2534413,3.477399,-0.1264667,0.1680238,3.473252,0.005814638,0.1793618,3.473609,-0.1087281,-0.4103305,3.381108,0.02600841,-0.3385686,3.359354,-0.1223768,-0.785743,3.600123,-0.02372019,-0.7056346,3.58617
-0.08727761,0.8048305,3.40422,-0.08323233,0.6375542,3.477978,-0.256782,0.5527918,3.475185,0.09900433,0.5552054,3.487774,-0.4694437,0.3131301,3.486379,0.2530571,0.2931416,3.507177,-0.6764944,0.1906367,3.425869,0.4810466,0.1603274,3.387858,-0.06863021,0.3161152,3.511221,-0.06439313,0.2543257,3.477549,-0.1263874,0.1690966,3.473146,0.004831807,0.1806374,3.475942,-0.117617,-0.4281643,3.38712,0.02294321,-0.3456344,3.353728,-0.1328335,-0.8199953,3.557276,-0.03642135,-0.7373893,3.538359
-0.09056164,0.7960453,3.394231,-0.08404008,0.6268319,3.471612,-0.259361,0.5467665,3.469802,0.1029521,0.5502735,3.481932,-0.4724277,0.3085982,3.473305,0.2529628,0.2934749,3.50571,-0.6825686,0.1912523,3.413264,0.4917265,0.1580299,3.351229,-0.06875769,0.3136323,3.507314,-0.06457249,0.2519174,3.477036,-0.1266821,0.1654955,3.47244,0.00518962,0.1749907,3.476661,-0.140452,-0.4849023,3.400804,0.006559294,-0.4957973,3.433017,-0.1588728,-0.8603712,3.496839,-0.0386655,-0.8976266,3.533162
-0.09097768,0.7947583,3.392822,-0.07902057,0.6126609,3.470528,-0.2638103,0.5145953,3.462726,0.1029869,0.5055796,3.457906,-0.477931,0.2931896,3.460875,0.2517036,0.2791034,3.488886,-0.69087,0.1789856,3.340179,0.4869378,0.151556,3.332255,-0.06779881,0.288274,3.501661,-0.06646891,0.2238714,3.473839,-0.1295462,0.1387352,3.470148,0.0007217068,0.1420275,3.472475,-0.1442915,-0.5315457,3.41963,0.006793317,-0.5122489,3.431837,-0.174255,-0.9505458,3.447787,-0.01713988,-0.9448327,3.492587
-0.08517519,0.747465,3.383874,-0.0756916,0.5678536,3.465732,-0.2615923,0.4791734,3.458604,0.1117177,0.4798146,3.459994,-0.4793623,0.2579392,3.432389,0.2491126,0.2282845,3.455629,-0.6638538,0.1447689,3.30337,0.4979085,0.1264375,3.270828,-0.07039924,0.2529035,3.491709,-0.06911433,0.1914041,3.465391,-0.1356485,0.1050688,3.461946,0.0001146272,0.1066722,3.46138,-0.1470597,-0.562762,3.416216,0.007411147,-0.5136107,3.432296,-0.1751276,-0.9509458,3.448472,-0.02480089,-0.9546262,3.485966
